878
636
407
983
895
735
520
998
904
150
212
538
750
362
436
215
630
506
20
914
272
207
266
298
135
565
964
942
705
562
249
734
203
840
43
357
718
84
189
152
256
928
252
55
711
97
694
370
102
871
403
738
690
13
403
728
801
871
606
14
728
213
579
885
487
638
764
656
122
164
829
450
683
500
420
144
382
160
512
366
981
766
595
47
421
236
167
728
515
40
343
766
988
922
732
627
450
315
961
641
327
76
129
287
158
353
514
562
408
865
429
82
373
674
495
976
194
625
93
297
209
937
441
309
814
870
455
382
742
630
549
357
988
53
252
754
548
335
153
249
573
161
976
646
773
959
497
110
827
299
778
196
619
613
11
13
39
435
943
758
121
180
67
780
204
630
123
789
933
196
660
522
656
732
629
958
139
855
300
590
1
468
430
813
293
171
21
840
580
61
869
944
428
240
789
118
215
492
860
515
963
111
824
910
932
569
887
90
736
114
915
739
542
921
703
57
205
65
418
552
120
676
635
376
14
915
478
682
403
119
379
284
241
978
398
886
763
911
768
384
834
24
483
923
348
566
614
10
406
591
604
607
26
604
245
812
792
755
223
372
182
337
650
771
518
966
908
517
797
562
143
955
178
537
111
687
789
966
375
959
930
97
957
802
947
865
776
814
418
983
781
210
350
879
141
769
251
975
906
110
